   延迟小时	延迟成本	取消飞机数	取消飞机成本	最终结果

      1				389		621630		

      1.5			384		614660			

      2				377		604900		

      2.5			372		597610		

      3				359		576380			
				
      3.5			351		564220		

      4				345		555230		

      4.5			341		547990		

      5				333		534550		

      5.5			325		522580		

      6				322		517660		

      6.5			311		501440			

      7				305		492310						

      7.5			302		488610

      8				294		475620		

      8.5			289		466950
	
      9				281		452290		

      9.5			279		448970			

      10			263		427280	